0,566
0,243
201,4
201,3
201,2
201,1
201,0
200,4
200,3
200,2
200,1
200,0
199,35
10,161
10,121
10,219
10,109
10,23
10,159
10,176
11,9
11,5
11,21
11,6
11,4
11,14
9,5
8,9
8,8
8,18
198,4
198,3
198,2
198,1
198,0
197,4
197,3
197,2
197,1
197,0
99,3
99,1
20,3
20,2
20,1
19,3
19,2
19,1
18,3
18,1
14,3
14,1
13,3
13,1
12,3
12,2
12,1
11,23
11,20
11,16
11,13
11,12
11,7
11,3
11,2
11,1
10,309
10,308
10,279
10,229
10,221
10,170
10,147
10,126
10,3
10,2
10,1
9,7
9,6
9,4
9,3
9,2
9,1
8,17
8,16
8,14
8,12
8,10
8,7
8,6
8,3
8,2
8,1
3,3
3,2
3,1
2,3
2,2
2,1
0,472
0,386
0,278
0,273
0,270
0,9
0,0
199,34
199,33
199,32
199,31
